0 44
1 39
2 45
3 50
4 57
5 48
6 51
7 46
8 52
9 48
10 53
11 61
12 65
13 75
14 80
15 85
16 80
17 85
18 76
19 78
20 86
21 89
22 97
23 102
24 92
25 101
26 94
27 84
28 77
29 79
30 80
31 89
32 87
33 84
34 94
35 84
36 76
37 76
38 66
39 60
40 52
41 58
42 57
43 51
44 61
45 70
46 70
47 68
48 72
49 75
50 85
51 90
52 96
53 89
54 90
55 96
56 86
57 84
58 87
59 84
60 85
61 76
62 78
63 86
64 90
65 89
66 82
67 82
68 91
69 81
70 82
71 74
72 73
73 72
74 64
75 74
76 77
77 74
78 71
79 77
80 69
81 62
82 52
83 48
84 40
85 45
86 46
87 38
88 39
89 38
90 47
91 41
92 51
93 49
94 40
95 40
96 38
97 34
98 34
99 30
100 33
101 29
102 31
103 24
104 27
105 33
106 30
107 31
108 22
109 31
110 38
111 47
112 41
113 32
114 31
115 21
116 13
117 16
118 18
119 14
120 18
121 15
122 21
123 30
124 29
125 37
126 38
127 34
128 28
129 33
130 24
131 20
132 30
133 35
134 37
135 35
136 36
137 27
138 21
139 26
140 36
141 37
142 28
143 30
144 29
145 21
146 30
147 36
148 42
149 39
150 39
151 32
152 39
153 38
154 31
155 34
156 32
157 40
158 44
159 36
160 28
161 23
162 28
163 26
164 16
165 16
166 11
167 8
168 12
169 19
170 18
171 23
172 27
173 32
174 39
175 29
176 35
177 29
178 24
179 28
