0 169 
1 173 
2 169 
3 178 
4 188 
5 192 
6 196 
7 205 
8 209 
9 218 
10 210 
11 218 
12 212 
13 208 
14 210 
15 205 
16 209 
17 217 
18 212 
19 205 
20 202 
21 208 
22 206 
23 213 
24 204 
25 206 
26 203 
27 193 
28 183 
29 181 
30 191 
31 201 
32 211 
33 213 
34 207 
35 210 
36 202 
37 212 
38 214 
39 222 
40 225 
41 226 
42 217 
43 220 
44 212 
45 217 
46 212 
47 208 
48 210 
49 211 
50 218 
51 223 
52 223 
53 216 
54 216 
55 214 
56 205 
57 202 
58 205 
59 206 
60 201 
61 204 
62 211 
63 207 
64 202 
65 205 
66 207 
67 217 
68 227 
69 218 
70 213 
71 204 
72 200 
73 196 
74 206 
75 199 
76 189 
77 199 
78 203 
79 210 
80 200 
81 200 
82 200 
83 206 
84 215 
85 221 
86 227 
87 231 
88 224 
89 215 
90 214 
91 205 
92 207 
93 206 
94 211 
95 201 
96 203 
97 207 
98 206 
99 210 
100 205 
101 212 
102 204 
103 199 
104 207 
105 204 
106 206 
107 201 
108 207 
109 197 
110 197 
111 188 
112 190 
113 191 
114 181 
115 178 
116 185 
117 186 
118 184 
119 183 
120 182 
121 178 
122 169 
123 179 
124 179 
125 186 
126 190 
127 193 
128 192 
129 196 
130 188 
131 190 
132 183 
133 175 
134 171 
135 166 
136 158 
137 154 
138 150 
139 154 
140 152 
141 147 
142 143 
143 139 
144 136 
145 146 
146 139 
147 132 
148 135 
149 137 
150 147 
151 157 
152 155 
153 161 
154 168 
155 175 
156 176 
157 182 
158 192 
159 197 
160 207 
161 209 
162 215 
163 206 
164 200 
165 209 
166 215 
167 219 
168 223 
169 230 
170 235 
171 227 
172 233 
173 228 
174 229 
175 238 
176 246 
177 246 
178 244 
179 239 
180 100 
